P0: 621.0000000000001 0.0 621.0 0 0.0 621.0000000000001 187.5 0 0.0 0.0 1.0 0
P1: 621.0000000000001 0.0 621.0 0 0.0 621.0000000000001 187.5 0 0.0 0.0 1.0 0
P2: 621.0000000000001 0.0 621.0 0 0.0 621.0000000000001 187.5 0 0.0 0.0 1.0 0
P3: 621.0000000000001 0.0 621.0 0 0.0 621.0000000000001 187.5 0 0.0 0.0 1.0 0
R0_rect: 1 0 0 0 1 0 0 0 1
Tr_velo_to_cam: 0.0 -0.9999999999999999 -1.288382540734339e-18 0.0 0.0 -1.4260073318242841e-18 -1.0 1.1102230246251565e-16 1.0 0.0 0.0 0.0
Tr_imu_to_velo: 1 0 0 0 1 0 0 0 1
