P0: 691.0000000000001 0.0 691.0 0.0 0.0 691.0000000000001 256.0 0.0 0.0 0.0 1.0 0.0 
P1: 691.0000000000001 0.0 691.0 0.0 0.0 691.0000000000001 256.0 0.0 0.0 0.0 1.0 0.0 
P2: 691.0000000000001 0.0 691.0 0.0 0.0 691.0000000000001 256.0 0.0 0.0 0.0 1.0 0.0 
P3: 691.0000000000001 0.0 691.0 0.0 0.0 691.0000000000001 256.0 0.0 0.0 0.0 1.0 0.0 
R0_rect: 1.0 0.0 0.0 0.0 1.0 0.0 0.0 0.0 1.0 
Tr_velo_to_cam: 6.123227069835162e-17 -1.0000000000000002 -7.850454879874545e-17 -1.5978966558805041e-06 6.123233995736766e-17 7.850454879874545e-17 -1.0 -0.40000033378601074 1.0 6.123229938928319e-17 6.123233995736766e-17 -1.9999999999993463 
