P0: 621.0000000000001 0.0 621.0 0 0.0 621.0000000000001 187.5 0 0.0 0.0 1.0 0
P1: 621.0000000000001 0.0 621.0 0 0.0 621.0000000000001 187.5 0 0.0 0.0 1.0 0
P2: 621.0000000000001 0.0 621.0 0 0.0 621.0000000000001 187.5 0 0.0 0.0 1.0 0
P3: 621.0000000000001 0.0 621.0 0 0.0 621.0000000000001 187.5 0 0.0 0.0 1.0 0
R0_rect: 1 0 0 0 1 0 0 0 1
Tr_velo_to_cam: 0.0 -1.0 3.4003424575142847e-18 1.4210854715202004e-14 0.0 4.3237348270146435e-19 -1.0 7.105427357601002e-15 1.0 0.0 0.0 0.0
Tr_imu_to_velo: 1 0 0 0 1 0 0 0 1
