P0: 621.0000000000001 0.0 621.0 0 0.0 621.0000000000001 187.5 0 0.0 0.0 1.0 0
P1: 621.0000000000001 0.0 621.0 0 0.0 621.0000000000001 187.5 0 0.0 0.0 1.0 0
P2: 621.0000000000001 0.0 621.0 0 0.0 621.0000000000001 187.5 0 0.0 0.0 1.0 0
P3: 621.0000000000001 0.0 621.0 0 0.0 621.0000000000001 187.5 0 0.0 0.0 1.0 0
R0_rect: 1 0 0 0 1 0 0 0 1
Tr_velo_to_cam: 0.0 -1.0 1.9489442058325054e-19 0.0 0.0 1.9489442058325054e-19 -0.9999999999999999 0.0 1.0 0.0 0.0 0.0
Tr_imu_to_velo: 1 0 0 0 1 0 0 0 1
